0.570832 0.342025
0.243634 0.739602
0.205218 0.849568
0.123958 0.592040
0.382095 0.776409
0.876770 0.053238
0.954493 0.193546
0.289093 0.969220
0.740729 0.269406
0.573180 0.252857
0.449225 0.841463
0.163419 0.569885
0.354978 0.162674
0.421101 0.483999
0.426099 0.044829
0.080702 0.734775
0.408359 0.125750
0.784022 0.655145
0.841549 0.398448
0.717469 0.474442
0.103495 0.457704
0.192977 0.398509
0.355918 0.143191
0.994482 0.910165
0.700872 0.388113
0.449589 0.691274
0.947331 0.118498
0.479990 0.931970
0.134571 0.990647
0.334408 0.563079
0.362287 0.602870
0.314277 0.124525
0.536989 0.572548
0.565058 0.565535
0.360018 0.530652
0.925047 0.261710
0.254593 0.653280
0.898733 0.929532
0.957645 0.823369
0.053168 0.920627
0.186728 0.895632
0.523579 0.586147
0.133152 0.823919
0.858314 0.015836
0.529522 0.602558
0.133481 0.476911
0.693221 0.071881
0.124033 0.304601
0.256906 0.643028
0.330789 0.829225
0.262949 0.908231
0.831774 0.163927
0.920789 0.920187
0.251526 0.322713
0.604493 0.647753
0.623395 0.190169
0.602421 0.745076
0.557594 0.322280
0.721652 0.307409
0.921705 0.421986
0.096967 0.729233
0.190516 0.603662
0.457441 0.128971
0.728542 0.237433
0.663326 0.059417
0.531246 0.247256
0.541669 0.384175
0.369946 0.225971
0.921234 0.267764
0.860580 0.626001
0.295568 0.200689
0.707939 0.586169
0.727670 0.860646
0.264690 0.663093
0.450491 0.397185
0.588447 0.849878
0.114608 0.419513
0.380326 0.785327
0.787715 0.565773
0.544911 0.983675
0.620132 0.037000
0.624201 0.247824
0.556389 0.890102
0.027090 0.168337
0.594967 0.201586
0.801110 0.755952
0.876644 0.437393
0.674615 0.807137
0.316428 0.494075
0.235293 0.560200
0.584901 0.912694
0.404806 0.563750
0.991851 0.709193
0.819593 0.449796
0.228417 0.113634
0.334291 0.480529
0.983505 0.265571
0.626922 0.320850
0.166088 0.573962
0.803962 0.477957
